$ANSIBLE_VAULT;1.2;AES256;main
61353232613764363462623666386564613161636139376437646439313562636166316165356463
3865393263336634363837646561333466653966666463380a373637316664336635353166356263
34386564376337323534663766303834333161343032643961373730313766343931666635356330
6635333730336665630a366331353866663831386437333430393832663939386234643866656662
33333465616561313039366432333738306638343063313463393561663761343265663039663835
30393936336339326430663337323362613132373335333264383461663037663231663837356365
33326234663130623239313535326462656139326437353235643563646239323937613964376139
33356536633465613363383435666532373532376131383965633265383430653664636138343834
31303731383436646333393831663735343861666130613539636639663163653531373431343165
32313966666332646263326135656361353038333462343266393965663535656639643238626563
34353534396631326232636565356333613433383963656433356466363065393463613464393061
62626432643464623062373235316338303365613366343537336332646636323065323332643661
32393661636633636434353031613961316133373061663839313964383035383036613136303065
65336133336430336635323132343337343135613134346133643839653237616532626138663763
33653238303566396230623231666539613831666464653966656561346434373732336632626432
31303464613937373634396439306363383965616361323434613935313037313065333730393134
3466
